# Dolby Vision Display Management Configuration File
# Date : 2/13/2023
# Brand Model Number: vili 2107113SG

[Global]
DMSwVersion = 4.0
Tmax = 1200
Tmin = 0.0005
TPrimaries = 0.6865 0.3131 0.2612 0.7064 0.1361 0.0493 0.3127 0.329

TEOTF = POWER
Tgamma = 4.8
TBitDepth = 10

TScreenReflection = 0.0005
TSourroundReflection = 0.2
ALDelayMilliSec = 10
ALResponseFall = 0.2
ALResponseRise = 0.06
ALOperationalRate = 50
TFrontLux = 500
TFrontLuxScale = 1
ALThreshold  = 0.05

RGB2YCCmat=0.2249515012 0.5805731287 0.0507803555 -0.1222960562 -0.3156316076 0.4379276637 0.4379276637 -0.4027047292 -0.0352229345
RGB2YCCOffsetNorm=0.0625 0.5 0.5

[PictureMode = 0]
PictureModeName = Dolby Vision Standard
Ambient = 8
Tmax = 600

[PictureMode = 1]
PictureModeName = Dolby Vision Bright
Ambient = 8
Tmax = 600

[PictureMode = 2]
PictureModeName = Dolby Vision Vivid
Ambient = 8
Tmax = 600

[PictureMode = 3]
PictureModeName = Dolby Vision Cinema
Ambient = 0


